{"lidar_path": "E:\\workspace\\bevformer_to_onnx\\data\\nuscenes\\samples/LIDAR_TOP/n008-2018-08-01-15-16-36-0400__LIDAR_TOP__1533151607048933.pcd.bin", "token": "c59e60042a8643e899008da2e446acca", "prev": "6832e717621341568c759151b5974512", "next": "fa65a298c01f44e7a182bbf9e5fe3697", "can_bus": [624.827696197731, 1630.7971182950923, 0.0, 0.9431257991129326, 0.0, 0.0, -0.3324360495608023, 0.09226149114622878, -0.21619294627243235, 9.980703675119953, -0.00783505942672491, -0.03921488672494888, -0.03116447664797306, 8.735984528401387, 0.0, 0.0, 0.0, 0.0], "frame_idx": 7, "cams": {"CAM_FRONT": {"data_path": "E:\\workspace\\bevformer_to_onnx\\data\\nuscenes\\samples/CAM_FRONT/n008-2018-08-01-15-16-36-0400__CAM_FRONT__1533151607012404.jpg", "type": "CAM_FRONT", "sample_data_token": "054c2431ba324912bb4799b9217f5b7b", "sensor2ego_translation": [1.72200568478, 0.00475453292289, 1.49491291905], "sensor2ego_rotation": [0.5077241387638071, -0.4973392230703816, 0.49837167536166627, -0.4964832014373754], "ego2global_translation": [624.6474690041443, 1630.9464876511656, 0.0], "ego2global_rotation": [-0.9431672035427067, -0.010958413508075845, -0.010590543732930108, 0.33196894390629006], "timestamp": 1533151607012404, "sensor2lidar_rotation": [[0.9998775796754255, -0.009765289873183793, -0.012225578763702385], [0.012730557168140614, 0.05344269624835965, 0.9984897651613136], [-0.009097174099878482, -0.9985231681495426, 0.05356047135713276]], "sensor2lidar_translation": [-0.010493375704527352, 0.42187448103118186, -0.3369341049372139], "cam_intrinsic": [[1252.8131021185304, 0.0, 826.588114781398], [0.0, 1252.8131021185304, 469.9846626224581], [0.0, 0.0, 1.0]]}, "CAM_FRONT_RIGHT": {"data_path": "E:\\workspace\\bevformer_to_onnx\\data\\nuscenes\\samples/CAM_FRONT_RIGHT/n008-2018-08-01-15-16-36-0400__CAM_FRONT_RIGHT__1533151607020482.jpg", "type": "CAM_FRONT_RIGHT", "sample_data_token": "61239acb508f4f0da622fa32648ee565", "sensor2ego_translation": [1.58082565783, -0.499078711449, 1.51749368405], "sensor2ego_rotation": [0.20335173766558642, -0.19146333228946724, 0.6785710044972951, -0.6793609166212989], "ego2global_translation": [624.7033065579271, 1630.9003956989577, 0.0], "ego2global_rotation": [-0.9431048119449819, -0.010901986783940342, -0.010505553459209099, 0.33215070934276064], "timestamp": 1533151607020482, "sensor2lidar_rotation": [[0.5375852263812275, -0.0010359451964409025, 0.8432087826832665], [-0.8415697319426269, 0.06167355907164886, 0.5366160250956471], [-0.05255959146208055, -0.9980958365452628, 0.03228297409399236]], "sensor2lidar_translation": [0.4948966928441223, 0.3524928946125101, -0.31383185935774804], "cam_intrinsic": [[1256.7485116440405, 0.0, 817.7887570959712], [0.0, 1256.7485116440403, 451.9541780095127], [0.0, 0.0, 1.0]]}, "CAM_FRONT_LEFT": {"data_path": "E:\\workspace\\bevformer_to_onnx\\data\\nuscenes\\samples/CAM_FRONT_LEFT/n008-2018-08-01-15-16-36-0400__CAM_FRONT_LEFT__1533151607007124.jpg", "type": "CAM_FRONT_LEFT", "sample_data_token": "c2abae5814ea480da7643a93dbb3ab06", "sensor2ego_translation": [1.5752559464, 0.500519383135, 1.50696032589], "sensor2ego_rotation": [0.6812088525125634, -0.6687507165046241, 0.2101702448905517, -0.21108161122114324], "ego2global_translation": [624.611229158648, 1630.976334016922, 0.0], "ego2global_rotation": [-0.9432103758087602, -0.010995200457275787, -0.010646187656696652, 0.3318432630353969], "timestamp": 1533151607007124, "sensor2lidar_rotation": [[0.5667887379589024, -0.013909445336357865, -0.8237457458787814], [0.8231434852841398, 0.051344123611954076, 0.565507368302836], [0.03442860957450557, -0.9985841518374681, 0.040550740336164154]], "sensor2lidar_translation": [-0.5068195485239357, 0.22702459292872845, -0.3364177017643044], "cam_intrinsic": [[1257.8625342125129, 0.0, 827.2410631095686], [0.0, 1257.8625342125129, 450.915498205774], [0.0, 0.0, 1.0]]}, "CAM_BACK": {"data_path": "E:\\workspace\\bevformer_to_onnx\\data\\nuscenes\\samples/CAM_BACK/n008-2018-08-01-15-16-36-0400__CAM_BACK__1533151607037558.jpg", "type": "CAM_BACK", "sample_data_token": "b63818ccee184370bcd917621f8de388", "sensor2ego_translation": [0.05524611077, 0.0107882366898, 1.56794286957], "sensor2ego_rotation": [0.5067997344989889, -0.4977567019405021, -0.4987849934090844, 0.496594225837321], "ego2global_translation": [624.8232964187778, 1630.8007702180967, 0.0], "ego2global_rotation": [-0.9429970588826527, -0.010692953444216419, -0.010257634938278661, 0.3324710342432545], "timestamp": 1533151607037558, "sensor2lidar_rotation": [[-0.9999311565906013, -0.008425757962886492, -0.008166313864555486], [0.00783134104613205, 0.039050766146195605, -0.9992065390902996], [0.008737973266309524, -0.9992017034944178, -0.03898209277413491]], "sensor2lidar_translation": [-0.010719983640683495, -1.0200121642155864, -0.32253070853242605], "cam_intrinsic": [[796.8910634503094, 0.0, 857.7774326863696], [0.0, 796.8910634503094, 476.8848988407415], [0.0, 0.0, 1.0]]}, "CAM_BACK_LEFT": {"data_path": "E:\\workspace\\bevformer_to_onnx\\data\\nuscenes\\samples/CAM_BACK_LEFT/n008-2018-08-01-15-16-36-0400__CAM_BACK_LEFT__1533151607047405.jpg", "type": "CAM_BACK_LEFT", "sample_data_token": "706ec044081a4ae3861b4741e6c93746", "sensor2ego_translation": [1.04852047718, 0.483058131052, 1.56210154484], "sensor2ego_rotation": [0.7048620297871717, -0.6907306801461466, -0.11209091960167808, 0.11617345743327073], "ego2global_translation": [624.8924887851963, 1630.7431142213825, 0.0], "ego2global_rotation": [-0.9429287535309068, -0.010587971469349517, -0.010101428902272384, 0.33267284493770605], "timestamp": 1533151607047405, "sensor2lidar_rotation": [[-0.3191514726269025, -0.015864378562865645, -0.9475709255844096], [0.9468419212147701, 0.037292937297712374, -0.3195303006884209], [0.04040685276538204, -0.9991784416812264, 0.003118962820194484]], "sensor2lidar_translation": [-0.4822507251362822, 0.06151191986259619, -0.27731870783865986], "cam_intrinsic": [[1254.9860565800168, 0.0, 829.5769333630991], [0.0, 1254.9860565800168, 467.1680561863987], [0.0, 0.0, 1.0]]}, "CAM_BACK_RIGHT": {"data_path": "E:\\workspace\\bevformer_to_onnx\\data\\nuscenes\\samples/CAM_BACK_RIGHT/n008-2018-08-01-15-16-36-0400__CAM_BACK_RIGHT__1533151607028113.jpg", "type": "CAM_BACK_RIGHT", "sample_data_token": "9bad01ba193d43ceb5eca73099177cda", "sensor2ego_translation": [1.05945173053, -0.46720294852, 1.55050857555], "sensor2ego_rotation": [0.13819187705364147, -0.13796718183628456, -0.6893329941542625, 0.697630335509333], "ego2global_translation": [624.7569217040912, 1630.85587259035, 0.0], "ego2global_rotation": [-0.9430567571146555, -0.010807254218659308, -0.01039002733821477, 0.332293851054385], "timestamp": 1533151607028113, "sensor2lidar_rotation": [[-0.381757096697312, 0.014159703250688804, 0.9241542197734602], [-0.9231620495148384, 0.042940448298039315, -0.38200516781259314], [-0.04509267631005301, -0.9989772873813585, -0.0033211201997126946]], "sensor2lidar_translation": [0.46493545502903544, -0.10098259420294653, -0.299152718637302], "cam_intrinsic": [[1249.9629280788233, 0.0, 825.3768045375984], [0.0, 1249.9629280788233, 462.54816385708756], [0.0, 0.0, 1.0]]}}, "scene_token": "fcbccedd61424f1b85dcbf8f897f9754", "lidar2ego_translation": [0.985793, 0.0, 1.84019], "lidar2ego_rotation": [0.706749235646644, -0.015300993788500868, 0.01739745181256607, -0.7070846669051719], "ego2global_translation": [624.9032554451942, 1630.734414828057, 0.0], "ego2global_rotation": [-0.9429247742619197, -0.010571617513262228, -0.010104052327208374, 0.3326845639834071], "timestamp": 1533151607048933, "gt_boxes": [[-11.970224152940965, 1.3914218425682867, -1.0112264964589186, 0.621, 0.647, 1.778, 0.01753518274097332], [6.4172956008687505, -16.142543838585585, -1.1890432430772222, 0.688, 0.944, 1.904, -0.012816092643409327], [9.417720127681703, -18.671383691880152, -1.5393226391147339, 0.394, 0.341, 1.322, -0.5113693935081358], [-17.423076978842378, 1.2648728496742054, -1.020468328401092, 0.447, 0.415, 1.725, -0.609369631071625], [-9.321846947565477, -21.732108558545516, -1.952343368486046, 0.578, 0.613, 1.752, -0.23045865046145342], [28.05581608164392, 7.078020585602906, -0.0029790689316990804, 0.551, 0.446, 1.715, -4.103536246781305], [6.746726021697899, -4.343191868766334, -0.8589906864216692, 0.751, 1.03, 1.975, -0.07972038063652476], [6.783403701212747, 5.492210108484659, -0.5566916726733055, 0.62, 0.695, 1.59, 0.13419299009985597], [-20.184932525058517, 3.359381513025187, -1.2723818075615014, 0.345, 0.331, 1.326, -4.272204865728556], [2.07982078404663, 40.69785870588812, 1.7041184868667323, 2.001, 4.734, 1.481, -3.1068485241099646], [7.03985181819421, -24.515341025802005, -1.4719284106104653, 0.631, 0.61, 1.929, -3.072238646217889], [-11.766279949670666, 26.50895351388736, 0.2660027320799119, 0.522, 0.519, 1.348, -3.1075815625134515], [-10.321092022482143, -16.903146422867202, -1.6857257163328165, 0.697, 0.498, 1.761, 0.12733384619738453], [-8.214144144318153, 37.221230543941715, 1.300469286253969, 1.953, 5.03, 1.672, -1.844015543831668], [-23.05630267337352, -5.106609720846855, -2.1841607826257308, 0.937, 0.774, 1.296, -1.3365436105305506], [8.113971713302334, 3.93677576033483, -0.6448662370311885, 0.665, 0.736, 1.89, -3.0639657845227903], [1.0551382824888353, -22.966025156788692, -1.7162790471326899, 1.871, 4.488, 1.515, -3.300213551951357], [-19.77381589437471, 2.982727042382718, -1.1035015964050343, 0.496, 0.369, 1.656, -4.320183966844814], [-21.888515109998416, 9.674915886695159, -0.4882734277553796, 0.615, 0.405, 1.717, -0.9183976283674201], [7.618427213935161, 5.893823328992823, -0.5030301938100641, 0.546, 0.439, 1.622, 0.02985720746361853], [-14.302011849009276, 35.928120019131086, 0.9086045381554648, 1.796, 4.329, 1.703, -1.7239019846753239], [-19.6135759253068, 3.7716347702593085, -1.020665920458954, 0.64, 0.395, 1.807, 1.290473619646682], [-8.226327236446055, -0.11841925545189103, -0.9627524065807649, 0.612, 0.736, 1.877, -1.6124743474242889], [-3.3896068978445375, 13.073649827223871, -0.3725255992693497, 1.803, 4.495, 1.56, 0.05889948632319597], [-30.03028872231362, 6.40115224250786, -0.7591351042762692, 0.729, 0.836, 1.817, -4.193327619017903], [-7.080030952010024, 21.096092604110304, 0.04786492395749797, 1.928, 4.832, 1.525, 0.04144619380325221], [6.723704769413075, 33.480960756965565, 0.9604622993092052, 0.295, 0.305, 0.765, -3.1498708913278697], [-19.731992070060222, -7.133179412617964, -1.726688054374792, 0.584, 0.594, 1.917, -0.055873365256173146], [-12.369798668082218, 26.692026929369263, 0.5422458877790524, 0.585, 0.681, 1.711, -3.0949279254258837], [6.972079189807738, 2.425761822339454, -0.8059635491477489, 0.694, 0.815, 1.794, 0.11815341432288906], [6.945167859611779, 8.004821273200946, -0.5173662101766905, 0.547, 0.587, 1.59, 0.1400107542731701], [7.299879462950404, 67.7647466828483, 3.895769150521422, 1.604, 3.484, 1.58, -3.0733382024965383], [-7.942600151827794, 51.01517463924384, 2.2213732746382413, 1.826, 4.695, 1.629, 0.04292972366378378], [-6.783687424428986, 68.95683484436381, 3.5194308135358816, 1.641, 14.465, 1.4, 0.0303633530035321], [22.3945821284773, 2.7914403352759503, -0.6058927319230756, 1.683, 4.187, 1.675, -1.5577117333595953], [8.04288735099413, -24.259621503449225, -1.443166529093054, 0.712, 0.601, 1.891, -3.220591632637405], [-3.639821314546132, -13.335081396563867, -1.3259373127569765, 1.998, 4.927, 1.792, -0.10418407899061455], [5.108761829682179, 36.313444559213266, 1.3822617912685788, 1.889, 4.76, 1.531, -3.146275511910467], [7.873211241299489, 7.32483241082553, -0.4072225369541888, 0.538, 0.674, 1.794, 0.18789677133593874], [31.959304629257964, 2.2045711047289545, 0.04696405888053934, 2.012, 5.212, 2.042, -1.556455096284189], [-20.692683298806624, -6.506124069204476, -1.8452079231994603, 0.756, 0.567, 1.917, -0.0029375290560580414], [9.550899214611492, 30.227507247637604, 1.4573383720693665, 0.724, 0.828, 1.835, -3.1252093878689946], [10.13104888580871, 48.11135162987152, 2.5041795591899216, 0.56, 0.698, 1.744, -3.1510169897195617], [-15.372469948863214, -4.1222202811815105, -1.7667627797323646, 0.738, 0.783, 1.52, 1.4750247347966], [-19.670320430921965, -7.612852633347007, -2.0011151125185256, 0.47, 0.437, 1.489, -3.1446872622750126], [-6.187346380195139, 84.24468003031235, 5.557624113846083, 2.509, 6.512, 3.024, 0.06256467772239271], [-2.899034053995188, 53.51470175736082, 2.6777450557448517, 1.762, 4.701, 1.539, 0.05923109889584266], [-12.96904593559006, 1.3293683614141878, -0.8403744786704432, 0.699, 0.738, 1.95, 8.189022103044508e-05], [8.575303332669806, 5.630903223277936, -0.4333874525781249, 0.644, 0.696, 1.849, -3.0988723695626765], [9.719462015547384, 45.89385966076829, 2.201426169133444, 0.666, 0.78, 1.8, 0.15600960588034551]], "gt_names": ["pedestrian", "pedestrian", "traffic_cone", "pedestrian", "pedestrian", "pedestrian", "pedestrian", "pedestrian", "pedestrian", "car", "pedestrian", "pedestrian", "pedestrian", "car", "pedestrian", "pedestrian", "car", "pedestrian", "pedestrian", "pedestrian", "car", "pedestrian", "pedestrian", "car", "pedestrian", "car", "traffic_cone", "pedestrian", "pedestrian", "pedestrian", "pedestrian", "car", "car", "static_object.bicycle_rack", "car", "pedestrian", "car", "car", "pedestrian", "car", "pedestrian", "pedestrian", "pedestrian", "pedestrian", "pedestrian", "truck", "car", "pedestrian", "pedestrian", "pedestrian"], "gt_velocity": [[-0.021981631438506004, -1.030561799761117], [0.018169343129375796, -1.4200983404139607], [-0.017777016752879217, -0.006601640346906387], [0.0709564180092516, 0.025003211376747658], [0.21775280138112582, -1.342950566990209], [-0.7680520602918463, 0.6465883057687781], [0.15256217356898738, -1.6466691763490786], [-0.062052492721098994, -0.7999455103444862], [-0.09884110352071082, -0.006397187890422083], [0.178109940460557, 9.496390260701373], [0.09918501770906764, 1.2670118891064734], [0.04061115547765593, 1.3378685886746358], [-0.1262749095946988, -1.181095775250071], [0.7634122715834486, 0.1881967319604833], [0.02776793437358927, 0.1133599436860639], [0.1942016388852133, 1.5370177470036217], [-0.9086024302989871, 5.465941931324494], [-0.048794047262446065, 0.049231627818958276], [0.4552928858095192, -0.8108673061625302], [-0.06963795365660627, -0.49833276844052365], [0.128858590915423, 0.14079803018545367], [-0.07624201291182948, -0.10105292552824721], [0.21045654006276343, -0.12053274760822126], [-0.5980592112074101, -10.071269399434618], [-0.34769733714279677, 0.566622771439367], [-0.00478243691358804, 0.021797096507402306], [0.0, 0.0], [0.02532346853198032, 0.03061986100264593], [0.07497631152704982, 1.2667775088128514], [-0.11380588736910073, -0.8582285396220928], [-0.23215825941963664, -0.8674935361960192], [0.010814208719512093, 0.16767670149133793], [0.0, 0.0], [0.0, 0.0], [0.0545517119604126, -0.11511548865782908], [-0.09735409389537786, 1.2782151046620518], [0.9342209253848538, -9.65715355759719], [-0.00575895261783708, 0.06588657861786973], [-0.4073380986690258, -0.8827077452515216], [-0.0014029460750771615, -0.10626066137852552], [0.10527321265025674, 3.0083696502829807e-05], [0.02397765386191187, 1.355264695523463], [-0.07052945616266904, 1.5690332242047287], [0.07069311545925025, 0.04915204229282857], [0.09246566056554636, -1.1486660577051655e-05], [0.0, 0.0], [-0.1399813279908998, -4.429506674270493], [0.03968835763830856, -1.1655998722137033], [0.13199527275653708, 1.4408403150512683], [-0.3565841824192311, -1.2329471566558625]], "num_lidar_pts": [24, 15, 1, 5, 3, 8, 79, 36, 4, 5, 6, 1, 12, 7, 0, 54, 28, 3, 2, 2, 2, 10, 118, 107, 3, 11, 1, 3, 2, 77, 30, 4, 0, 1, 8, 7, 111, 8, 30, 2, 5, 5, 0, 13, 4, 2, 1, 12, 31, 2], "num_radar_pts": [0, 0, 0, 0, 0, 0, 0, 0, 0, 0, 0, 0, 0, 0, 0, 0, 3, 0, 0, 0, 0, 0, 0, 0, 0, 1, 0, 1, 0, 0, 0, 0, 0, 0, 2, 0, 12, 0, 0, 1, 0, 0, 0, 1, 0, 0, 0, 0, 0, 0], "valid_flag": [true, true, true, true, true, true, true, true, true, true, true, true, true, true, false, true, true, true, true, true, true, true, true, true, true, true, true, true, true, true, true, true, false, true, true, true, true, true, true, true, true, true, false, true, true, true, true, true, true, true]}