{"lidar_path": "E:\\workspace\\bevformer_to_onnx\\data\\nuscenes\\samples/LIDAR_TOP/n008-2018-08-01-15-16-36-0400__LIDAR_TOP__1533151603547590.pcd.bin", "token": "3e8750f331d7499e9b5123e9eb70f2e2", "prev": "", "next": "3950bd41f74548429c0f7700ff3d8269", "can_bus": [600.2021418537386, 1647.4452401729745, 0.0, 0.9686644078963473, 0.0, 0.0, -0.24837323703414368, -0.6069415191564662, -0.07634411801020781, 9.871493854872377, -0.021086912602186203, -0.012439718469977379, -0.02306700125336647, 8.564059702054365, 0.0, 0.0, 0.0, 0.0], "frame_idx": 0, "cams": {"CAM_FRONT": {"data_path": "E:\\workspace\\bevformer_to_onnx\\data\\nuscenes\\samples/CAM_FRONT/n008-2018-08-01-15-16-36-0400__CAM_FRONT__1533151603512404.jpg", "type": "CAM_FRONT", "sample_data_token": "4f5e35aa6c6a426ca945e206fb2f4921", "sensor2ego_translation": [1.72200568478, 0.00475453292289, 1.49491291905], "sensor2ego_rotation": [0.5077241387638071, -0.4973392230703816, 0.49837167536166627, -0.4964832014373754], "ego2global_translation": [599.849775495386, 1647.6411294309523, 0.0], "ego2global_rotation": [-0.9687876119182126, -0.004506968075376869, -0.00792272203393983, 0.24772460658591755], "timestamp": 1533151603512404, "sensor2lidar_rotation": [[0.9998801270116863, -0.01013819478916953, -0.01170250458296505], [0.012232575354279787, 0.05390463505646997, 0.9984711585316994], [-0.009491875857770705, -0.9984946205793245, 0.054022189578496575]], "sensor2lidar_translation": [-0.006275140311572613, 0.4437230287236389, -0.3316126716045531], "cam_intrinsic": [[1252.8131021185304, 0.0, 826.588114781398], [0.0, 1252.8131021185304, 469.9846626224581], [0.0, 0.0, 1.0]]}, "CAM_FRONT_RIGHT": {"data_path": "E:\\workspace\\bevformer_to_onnx\\data\\nuscenes\\samples/CAM_FRONT_RIGHT/n008-2018-08-01-15-16-36-0400__CAM_FRONT_RIGHT__1533151603520482.jpg", "type": "CAM_FRONT_RIGHT", "sample_data_token": "5ed84fb1dbe24efcb00eb766a22d69d6", "sensor2ego_translation": [1.58082565783, -0.499078711449, 1.51749368405], "sensor2ego_rotation": [0.20335173766558642, -0.19146333228946724, 0.6785710044972951, -0.6793609166212989], "ego2global_translation": [599.9118549287866, 1647.606633933739, 0.0], "ego2global_rotation": [-0.9687599514054591, -0.004456697153369989, -0.007899682341935369, 0.2478343991908144], "timestamp": 1533151603520482, "sensor2lidar_rotation": [[0.5372736788664327, -0.001367748330040076, 0.843406855119068], [-0.8417394728983844, 0.0620003137815353, 0.5363120554823875], [-0.05302502958114645, -0.9980751927362483, 0.0321598489178931]], "sensor2lidar_translation": [0.49830135431261624, 0.3730319110657092, -0.30971646952113474], "cam_intrinsic": [[1256.7485116440405, 0.0, 817.7887570959712], [0.0, 1256.7485116440403, 451.9541780095127], [0.0, 0.0, 1.0]]}, "CAM_FRONT_LEFT": {"data_path": "E:\\workspace\\bevformer_to_onnx\\data\\nuscenes\\samples/CAM_FRONT_LEFT/n008-2018-08-01-15-16-36-0400__CAM_FRONT_LEFT__1533151603504799.jpg", "type": "CAM_FRONT_LEFT", "sample_data_token": "27f02b3e285d4ca18015535511520b3e", "sensor2ego_translation": [1.5752559464, 0.500519383135, 1.50696032589], "sensor2ego_rotation": [0.6812088525125634, -0.6687507165046241, 0.2101702448905517, -0.21108161122114324], "ego2global_translation": [599.7913353051094, 1647.6735927814666, 0.0], "ego2global_rotation": [-0.9688136386550925, -0.004554290680191179, -0.007944423174925015, 0.24762123926008034], "timestamp": 1533151603504799, "sensor2lidar_rotation": [[0.5672581511644471, -0.014333426843678844, -0.8234152918257058], [0.8228127923991059, 0.051874023077259974, 0.5659400978850749], [0.03460200285939523, -0.9985507691673464, 0.041219689390163995]], "sensor2lidar_translation": [-0.5023761049415043, 0.22914751525587462, -0.3316580138974885], "cam_intrinsic": [[1257.8625342125129, 0.0, 827.2410631095686], [0.0, 1257.8625342125129, 450.915498205774], [0.0, 0.0, 1.0]]}, "CAM_BACK": {"data_path": "E:\\workspace\\bevformer_to_onnx\\data\\nuscenes\\samples/CAM_BACK/n008-2018-08-01-15-16-36-0400__CAM_BACK__1533151603537558.jpg", "type": "CAM_BACK", "sample_data_token": "1908fe7dc09c474ebc6ea23b4c1c5401", "sensor2ego_translation": [0.05524611077, 0.0107882366898, 1.56794286957], "sensor2ego_rotation": [0.5067997344989889, -0.4977567019405021, -0.4987849934090844, 0.496594225837321], "ego2global_translation": [600.0430992523302, 1647.5336699861132, 0.0], "ego2global_rotation": [-0.9687030311295038, -0.0042154863536825755, -0.007752028981545582, 0.24806566308536676], "timestamp": 1533151603537558, "sensor2lidar_rotation": [[-0.9999283380727066, -0.008594852305998796, -0.008333500644689665], [0.007990712947773468, 0.039174287069874525, -0.9992004422232587], [0.008914439171549637, -0.9991954282053173, -0.03910280076735698]], "sensor2lidar_translation": [-0.009512203183021484, -1.0046424905119693, -0.3205656017442351], "cam_intrinsic": [[796.8910634503094, 0.0, 857.7774326863696], [0.0, 796.8910634503094, 476.8848988407415], [0.0, 0.0, 1.0]]}, "CAM_BACK_LEFT": {"data_path": "E:\\workspace\\bevformer_to_onnx\\data\\nuscenes\\samples/CAM_BACK_LEFT/n008-2018-08-01-15-16-36-0400__CAM_BACK_LEFT__1533151603547405.jpg", "type": "CAM_BACK_LEFT", "sample_data_token": "e4233736f4ba4fd5989684f0f1e84377", "sensor2ego_translation": [1.04852047718, 0.483058131052, 1.56210154484], "sensor2ego_rotation": [0.7048620297871717, -0.6907306801461466, -0.11209091960167808, 0.11617345743327073], "ego2global_translation": [600.1185731195969, 1647.4917138239566, 0.0], "ego2global_rotation": [-0.9686660835660069, -0.004081555849799428, -0.007697727348287311, 0.24821382806848222], "timestamp": 1533151603547405, "sensor2lidar_rotation": [[-0.31910314470327766, -0.015891215448150118, -0.9475867518660553], [0.9468607653579226, 0.037220814098564134, -0.31948286655727137], [0.04034692139792285, -0.999180704512163, 0.0031694895944351597]], "sensor2lidar_translation": [-0.48218189331873873, 0.07357368426630728, -0.27649453910384736], "cam_intrinsic": [[1254.9860565800168, 0.0, 829.5769333630991], [0.0, 1254.9860565800168, 467.1680561863987], [0.0, 0.0, 1.0]]}, "CAM_BACK_RIGHT": {"data_path": "E:\\workspace\\bevformer_to_onnx\\data\\nuscenes\\samples/CAM_BACK_RIGHT/n008-2018-08-01-15-16-36-0400__CAM_BACK_RIGHT__1533151603528113.jpg", "type": "CAM_BACK_RIGHT", "sample_data_token": "8fafdaa824b74553b1a08011d29baf20", "sensor2ego_translation": [1.05945173053, -0.46720294852, 1.55050857555], "sensor2ego_rotation": [0.13819187705364147, -0.13796718183628456, -0.6893329941542625, 0.697630335509333], "ego2global_translation": [599.9705034252927, 1647.574034904777, 0.0], "ego2global_rotation": [-0.9687345485285538, -0.0043670388304257405, -0.007816404838658813, 0.24793791011951208], "timestamp": 1533151603528113, "sensor2lidar_rotation": [[-0.38201342410869077, 0.013854058151105826, 0.9240529253638575], [-0.923050639707394, 0.043186672761450676, -0.38224655372098476], [-0.04520243728526039, -0.9989709587212956, -0.003709891498541602]], "sensor2lidar_translation": [0.4673898584139806, -0.08280982434399675, -0.2960748534933302], "cam_intrinsic": [[1249.9629280788233, 0.0, 825.3768045375984], [0.0, 1249.9629280788233, 462.54816385708756], [0.0, 0.0, 1.0]]}}, "scene_token": "fcbccedd61424f1b85dcbf8f897f9754", "lidar2ego_translation": [0.985793, 0.0, 1.84019], "lidar2ego_rotation": [0.706749235646644, -0.015300993788500868, 0.01739745181256607, -0.7070846669051719], "ego2global_translation": [600.1202137947669, 1647.490776275174, 0.0], "ego2global_rotation": [-0.968669701688471, -0.004043399262151301, -0.007666594265959211, 0.24820129589817977], "timestamp": 1533151603547590, "gt_boxes": [[-7.9647383429656795, 36.90207156040312, 0.21393512812024085, 0.621, 0.647, 1.778, 0.21186208395511885], [7.389783479729585, 17.461474288598566, -0.17988883239528486, 0.688, 0.944, 1.904, 0.23387068613056616], [-10.371593791583132, 14.923132501375502, -0.5425241827570421, 0.578, 0.613, 1.752, -0.044858395507279436], [-40.42285583508197, 17.111034002730502, -1.1913389585854328, 0.909, 1.105, 2.0, 1.5651903862382555], [9.877088552197954, 29.82034099947316, 0.110478347755945, 0.751, 1.03, 1.975, 0.1640575160507931], [6.617112468246175, 42.965967799420135, 0.6078162294600613, 2.001, 4.734, 1.481, -2.7554419902163323], [5.716643214088181, -0.12945050438062394, -0.764145265173365, 0.631, 0.61, 1.929, -3.2880641192224074], [-9.413979264217687, 19.118455358430023, -0.3628980653473707, 0.697, 0.498, 1.761, -0.009951810467392574], [10.64064798038416, 27.105552812331265, 0.031427107518505526, 0.665, 0.736, 1.89, -3.0092652234681907], [0.17422078653162248, -19.75144997068193, -1.804388784254359, 1.871, 4.488, 1.515, -3.159991857549035], [13.01954529002005, 36.86749097448162, 0.20602352375179955, 0.546, 0.439, 1.622, 0.643063129156404], [-15.68199675392771, 36.91588278363403, 0.11079993262864751, 0.64, 0.395, 1.807, 1.2666343643615354], [17.59818432404822, 11.036319464624302, -0.772135984922431, 0.489, 0.491, 1.851, -4.659823096955972], [-6.03475727532977, 31.87646307120427, 0.21944800925861863, 0.612, 0.736, 1.877, -0.9352730198250497], [8.535520460509483, 72.94891097932684, 2.4187878045296882, 1.803, 4.495, 1.56, 0.21831980249745508], [-4.849377997017643, 54.09353799460226, 1.2569771966380832, 0.585, 0.681, 1.711, -3.214760289570715], [-9.880402544754578, -26.721841392228725, -2.1086996391027064, 0.908, 1.109, 2.211, 0.03570600283923464], [6.51086387267615, -0.11699153640312682, -0.7938827766531922, 0.712, 0.601, 1.891, -3.165891071582805], [-46.2584619382773, 15.532334154980465, -1.3669385003416181, 0.755, 1.235, 2.083, -4.6652161643381955], [-3.2978699042466593, -22.997942978967426, -1.9205756258676199, 2.037, 4.958, 1.639, 0.012929456115155613], [16.78093881107121, 53.23298933633353, 1.5320477120744784, 0.724, 0.828, 1.835, -2.9483357791747933], [-12.731234639905939, 28.230857405378785, -0.5917882294671977, 0.738, 0.783, 1.52, -4.631286963688785], [-8.649091560234751, 37.25406215108426, 0.4558510186391309, 0.699, 0.738, 1.95, 0.2467686689950055]], "gt_names": ["pedestrian", "pedestrian", "pedestrian", "pedestrian", "pedestrian", "car", "pedestrian", "pedestrian", "pedestrian", "car", "pedestrian", "pedestrian", "pedestrian", "pedestrian", "car", "pedestrian", "pedestrian", "pedestrian", "pedestrian", "car", "pedestrian", "pedestrian", "pedestrian"], "gt_velocity": [[-0.17268300553572732, -1.0365753732132394], [-0.3331982307415343, -1.4407702421789557], [-0.004257374467802544, -1.367529386778979], [-1.1005862070566825, 0.016030120974974037], [-0.2793290685117905, -1.8617778882233857], [1.5456688293169214, 5.39276591864071], [-0.1858052292134816, 1.3567087930350994], [-0.022954565029928105, -1.3004098144060956], [0.1608473762366049, 1.4806073930924344], [-0.09872433043374879, 8.758271509220405], [-0.5478455206264377, -0.6322870050679086], [0.0, 0.0], [-1.2338884496804368, 0.06360464568676538], [0.34516755492034595, -0.3456326140554472], [-1.721994169511486, -7.951256150484431], [-0.10798124057944747, 1.1945582161761392], [0.1846923023723484, -1.6280825549123248], [-0.0055353582811938406, 1.3894692466635086], [-1.4686511332170724, -0.20150917711927352], [0.050695123706372656, -11.235109344347988], [0.25189315613899144, 1.3234238826874867], [0.02153463982652797, -0.0018561152992611605], [-0.29387466161944537, -1.0938582465103257]], "num_lidar_pts": [1, 7, 9, 4, 5, 4, 68, 9, 5, 34, 2, 1, 3, 4, 1, 1, 6, 9, 3, 40, 1, 3, 3], "num_radar_pts": [0, 1, 0, 0, 0, 4, 0, 0, 0, 3, 0, 0, 0, 1, 0, 1, 1, 0, 0, 7, 1, 0, 0], "valid_flag": [true, true, true, true, true, true, true, true, true, true, true, true, true, true, true, true, true, true, true, true, true, true, true]}